5.748962805576951E-01
5.903483998224992E-01
6.059800883171488E-01
6.223186517677110E-01
6.394634247521523E-01
6.578410278641427E-01
6.772012454258457E-01
6.966424859884639E-01
7.153434155618104E-01
7.327335232748799E-01
7.486462468959210E-01
7.633147937167307E-01
7.768401599948495E-01
7.900040577900637E-01
8.036370190847324E-01
8.179230671682214E-01
8.328194956306260E-01
8.486513920727753E-01
8.651804106406374E-01
8.815872163733482E-01
8.968618396152149E-01
9.107214082430568E-01
9.230995808167619E-01
9.339195229144892E-01
9.433465074728511E-01
9.521919099382906E-01
9.612957400956714E-01
9.711231937149868E-01
9.818080529039206E-01
9.936488056898483E-01
1.006234936434692E+00
1.018676911627607E+00
1.030300966373153E+00
1.040498072204386E+00
1.049252871012658E+00
1.056718953606299E+00
1.063356254689438E+00
1.069824959096648E+00
1.076864275280847E+00
1.084911963205211E+00
1.094235033273400E+00
1.104655274148435E+00
1.115778053206096E+00
1.126834547743263E+00
1.136894346939414E+00
1.145422282692245E+00
1.152376238023041E+00
1.157976259969690E+00
1.162764399768554E+00
1.167225674585930E+00
1.172217784292865E+00
1.178296435856029E+00
1.185384685048873E+00
1.193305864315432E+00
1.201613688678541E+00
1.209564998035270E+00
1.216502466725786E+00
1.221933137808735E+00
1.225984118894086E+00
1.228990649955936E+00
1.231353297160031E+00
1.233633314053932E+00
1.236604368586662E+00
1.240755486536267E+00
1.246219658717163E+00
1.252812713278633E+00
1.260014193133584E+00
1.267026913125172E+00
1.273135275153874E+00
1.278001851802824E+00
1.281534176705337E+00
1.284069790494041E+00
1.286091626203846E+00
1.288230646690621E+00
1.291165398822949E+00
1.295225190956322E+00
1.300431217392606E+00
1.306669309226978E+00
1.313094538732803E+00
1.318926240213634E+00
1.323570927972958E+00
1.326720978404990E+00
1.328432102817817E+00
1.329029532511227E+00
1.329073551170341E+00
1.329448777905900E+00
1.330584828935765E+00
1.332916269497960E+00
1.336569803547770E+00
1.341185743499927E+00
1.346067889367067E+00
1.350443531242354E+00
1.353796878540565E+00
1.355987736579342E+00
1.356935432826097E+00
1.357080413038029E+00
1.357129162853932E+00
1.357672517508744E+00
1.359238110262718E+00
1.362127609454187E+00
1.366356302286818E+00
1.371635189683421E+00
1.377046721965523E+00
1.381844544355859E+00
1.385632038762422E+00
1.388029930209049E+00
1.389005268237697E+00
1.388951729256411E+00
1.388534279369053E+00
1.388518112476486E+00
1.389357863910294E+00
1.391356954288418E+00
1.394636432505038E+00
1.398674062310451E+00
1.402572209023301E+00
1.405659319972892E+00
1.407547493054474E+00
1.408130070563022E+00
1.407467303868372E+00
1.406077024498180E+00
1.404669942174447E+00
1.403945807880497E+00
1.404318611574141E+00
1.406028983277611E+00
1.409093237936390E+00
1.413026054753996E+00
1.416976653277030E+00
1.420264706367231E+00
1.422504118033022E+00
1.423531647565247E+00
1.423458999490073E+00
1.422667443456300E+00
1.421877737608204E+00
1.421760810629100E+00
1.422698945391420E+00
1.424875833650513E+00
1.428178882225752E+00
1.431995344739677E+00
1.435537907060789E+00
1.438030616146348E+00
1.439210887574986E+00
1.438956620324364E+00
1.437481773816808E+00
1.435313921862996E+00
1.433160515977108E+00
1.431694728021015E+00
1.431474607432006E+00
1.432522838454209E+00
1.434761500878257E+00
1.437578489709439E+00
1.440164669843743E+00
1.441911490006108E+00
1.442467962065585E+00
1.441816585582002E+00
1.440322872983304E+00
1.438347213264916E+00
1.436673277342744E+00
1.435981191340067E+00
1.436608738781556E+00
1.438630060003320E+00
1.441769871864384E+00
1.445323760815705E+00
1.448560882831791E+00
1.450700962025644E+00
1.451454010352846E+00
1.450897117590283E+00
1.449245531123486E+00
1.447006853903672E+00
1.444852425119246E+00
1.443478839808639E+00
1.443268923706597E+00
1.444196597136912E+00
1.445961552424659E+00
1.448021127175391E+00
1.449587059581814E+00
1.450016730528247E+00
1.449054658732077E+00
1.446834307697202E+00
1.443729167589687E+00
1.440238742000198E+00
1.437083304153975E+00
1.435034115976349E+00
1.434379536751748E+00
1.435083019178055E+00
1.436728279295032E+00
1.438679446640545E+00
1.440152077411916E+00
1.440526949646046E+00
1.439597187695839E+00
1.437469749033677E+00
1.434482945878273E+00
1.431228061783670E+00
1.428297008946624E+00
1.426344842191546E+00
1.425525800830721E+00
1.425794442888561E+00
1.426694835976954E+00
1.427448909638480E+00
1.427287816267250E+00
1.425837044694614E+00
1.422786287851916E+00
1.418398766361547E+00
1.413055495201900E+00
1.407398842318730E+00
1.402183882247202E+00
1.397886433738657E+00
1.394739899391765E+00
1.392815220037240E+00
1.391489648729716E+00
1.390023244165823E+00
1.387795663776334E+00
1.384386279161312E+00
1.379642025086785E+00
1.373663134114956E+00
1.366950226335246E+00
1.360202766366374E+00
1.354045302637036E+00
1.348792318069160E+00
1.344807278948010E+00
1.342035324849499E+00
1.339841750930472E+00
1.337268092047710E+00
1.333708038491219E+00
1.328713424701674E+00
1.322074670041283E+00
1.313941239985784E+00
1.304850121627205E+00
1.295514008418884E+00
1.286735956562803E+00
1.278697992466306E+00
1.271776353900651E+00
1.265743031896672E+00
1.259995229944695E+00
1.253744562089900E+00
1.246307901705845E+00
1.237364748103621E+00
1.226999389663962E+00
1.215296535611661E+00
1.202852883701774E+00
1.190487750629828E+00
1.178980930931637E+00
1.168607315348076E+00
1.159337906427475E+00
1.151132245570517E+00
1.143371095473849E+00
1.135161551890990E+00
1.125671078334663E+00
1.114817958818087E+00
1.102763800720223E+00
1.089731387044097E+00
1.076047557464872E+00
1.062679001634378E+00
1.050270106429092E+00
1.038887787990603E+00
1.028531792704616E+00
1.019122941868252E+00
1.010026775326283E+00
1.000637668159108E+00
9.901513251484765E-01
9.786901390123387E-01
9.661777680729181E-01
9.530122934866901E-01
9.399224435788782E-01
9.277301755932043E-01
9.171323284877918E-01
9.084556106286967E-01
9.016850989478372E-01
8.968271400696864E-01
8.932530477193721E-01
8.903238609613661E-01
8.875137991160736E-01
8.844390965446176E-01
8.811952799536772E-01
8.783760757191371E-01
8.764131269865145E-01
8.761771580560401E-01
8.782597259553029E-01
8.827103173439049E-01
8.895067091370373E-01
8.982232902625017E-01
9.079977846954024E-01
9.181008726870069E-01
9.276704678160023E-01
9.366970605370043E-01
9.450801212127595E-01
9.530860218080381E-01
9.612967297593755E-01
9.703995611707660E-01
9.807964101503336E-01
9.926125986494939E-01
1.005635760153807E+00
1.019685312447124E+00
1.033871797195592E+00
1.047273622823123E+00
1.059266783418503E+00
1.069891811011847E+00
1.079513217852857E+00
1.088459437666964E+00
1.097259852622061E+00
1.106791311776463E+00
1.117471909758942E+00
