1.499766768646759E+00
1.520878146875081E+00
1.541580339300902E+00
1.561871219424710E+00
1.581748805118050E+00
1.601211255073719E+00
1.620256865482551E+00
1.638884066917498E+00
1.657091421407262E+00
1.674877619683294E+00
1.692241478585351E+00
1.709181938612147E+00
1.725698061604857E+00
1.741789028552333E+00
1.757454137507903E+00
1.772692801608484E+00
1.787504547187485E+00
1.801889011973522E+00
1.815845943367440E+00
1.829375196790345E+00
1.842476734095588E+00
1.855150622037865E+00
1.867397030792926E+00
1.879216232522262E+00
1.890608599977872E+00
1.901574605143216E+00
1.912114817907206E+00
1.922229904768465E+00
1.931920627567266E+00
1.941187842242631E+00
1.950032497612020E+00
1.958455634171123E+00
1.966458382911288E+00
1.974041964152260E+00
1.981207686388006E+00
1.987956945143454E+00
1.994291221840238E+00
2.000212082669547E+00
2.005721177470413E+00
2.010820238612004E+00
2.015511079878680E+00
2.019795595356932E+00
2.023675758323566E+00
2.027153620134788E+00
2.030231309116056E+00
2.032911029452661E+00
2.035195060081006E+00
2.037085753580425E+00
2.038585535065100E+00
2.039696901075370E+00
2.040422418467415E+00
2.040764723300158E+00
2.040726519718384E+00
2.040310578831341E+00
2.039519737586562E+00
2.038356897639031E+00
2.036825024216069E+00
2.034927144978417E+00
2.032666348877957E+00
2.030045785012397E+00
2.027068661477184E+00
2.023738244214742E+00
2.020057855861126E+00
2.016030874590045E+00
2.011660732954174E+00
2.006950916723579E+00
2.001904963721046E+00
1.996526462653982E+00
1.990819051942632E+00
1.984786418544326E+00
1.978432296773729E+00
1.971760467119146E+00
1.964774755055246E+00
1.957479029852817E+00
1.949877203386182E+00
1.941973228939005E+00
1.933771100009153E+00
1.925274849112875E+00
1.916488546588497E+00
1.907416299399423E+00
1.898062249936070E+00
1.888430574816307E+00
1.878525483683987E+00
1.868351218005425E+00
1.857912049863802E+00
1.847212280751702E+00
1.836256240362139E+00
1.825048285378450E+00
1.813592798263461E+00
1.801894186048312E+00
1.789956879121256E+00
1.777785330016758E+00
1.765384012205120E+00
1.752757418882833E+00
1.739910061763797E+00
1.726846469871409E+00
1.713571188331431E+00
1.700088777165413E+00
1.686403810084355E+00
1.672520873282281E+00
1.658444564229479E+00
1.644179490465382E+00
1.629730268391267E+00
1.615101522063182E+00
1.600297881985616E+00
1.585323983906457E+00
1.570184467613695E+00
1.554883975734142E+00
1.539427152534318E+00
1.523818642723407E+00
1.508063090258112E+00
1.492165137149137E+00
1.476129422269034E+00
1.459960580161213E+00
1.443663239849954E+00
1.427242023651404E+00
1.410701545985579E+00
1.394046412189450E+00
1.377281217331299E+00
1.360410545026463E+00
1.343438966254720E+00
1.326371038179553E+00
1.309211302969565E+00
1.291964286622338E+00
1.274634497791047E+00
1.257226426614009E+00
1.239744543547253E+00
1.222193298199945E+00
1.204577118172337E+00
1.186900407895725E+00
1.169167547473997E+00
1.151382891526522E+00
1.133550768032322E+00
1.115675477175847E+00
1.097761290194752E+00
1.079812448230178E+00
1.061833161180046E+00
1.043827606555754E+00
1.025799928342557E+00
1.007754235863828E+00
9.896946026492099E-01
9.716250653066415E-01
9.535496223981430E-01
9.354722333192343E-01
9.173968171818642E-01
8.993272517007639E-01
8.812673720831729E-01
8.632209699219496E-01
8.451917920921524E-01
8.271835396512226E-01
8.091998667430549E-01
7.912443795063048E-01
7.733206349874883E-01
7.554321400595354E-01
7.375823503465534E-01
7.197746691555494E-01
7.020124464156060E-01
6.842989776246161E-01
6.666375028034046E-01
6.490312054567640E-01
6.314832115409316E-01
6.139965884375773E-01
5.965743439342428E-01
5.792194252119763E-01
5.619347178409251E-01
5.447230447847599E-01
5.275871654148693E-01
5.105297745352649E-01
4.935535014190443E-01
4.766609088571984E-01
4.598544922204738E-01
4.431366785349167E-01
4.265098255716689E-01
4.099762209515571E-01
3.935380812649938E-01
3.771975512077402E-01
3.609567027331172E-01
3.448175342213419E-01
3.287819696667545E-01
3.128518578838813E-01
2.970289717334570E-01
2.813150073699377E-01
2.657115835121442E-01
2.502202407393860E-01
2.348424408153121E-01
2.195795660419033E-01
2.044329186456955E-01
1.894037201978445E-01
1.744931110693129E-01
1.597021499224151E-01
1.450318132402344E-01
1.304829948959012E-01
1.160565057642859E-01
1.017530733791839E-01
8.757334163942168E-02
7.351787056762284E-02
5.958713612576491E-02
4.578153009179529E-02
3.210136000190543E-02
1.854684916329723E-02
5.118136742555788E-03
8.184722064979404E-03
2.136175577912837E-02
3.441307628600258E-02
4.733887838987191E-02
6.013943925880877E-02
7.281511775658990E-02
8.536635365267747E-02
9.779366670132744E-02
1.100976555799432E-01
1.222789966756901E-01
1.343384427080687E-01
1.462768211737110E-01
1.580950325982118E-01
1.697940485783312E-01
1.813749095969810E-01
1.928387225922094E-01
2.041866582603888E-01
2.154199480723528E-01
2.265398809792260E-01
2.375477997822874E-01
2.484450971384692E-01
2.592332111700998E-01
2.699136206443123E-01
2.804878396841132E-01
2.909574119694718E-01
3.013239043827791E-01
3.115889000486113E-01
3.217539907131437E-01
3.318207684032193E-01
3.417908162995184E-01
3.516656987521314E-01
3.614469503600830E-01
3.711360640290812E-01
3.807344779137668E-01
3.902435611420066E-01
3.996645982092503E-01
4.089987719205591E-01
4.182471447466012E-01
4.274106384475659E-01
4.364900118056539E-01
4.454858362925150E-01
4.543984694829020E-01
4.632280260100969E-01
4.719743458426095E-01
4.806369596454054E-01
4.892150509726550E-01
4.977074150228568E-01
5.061124136715888E-01
5.144279264826676E-01
5.226512973860884E-01
5.307792767020932E-01
5.388079581863454E-01
5.467327107735944E-01
5.545481047084618E-01
5.622478317749986E-01
5.698246193749194E-01
5.772701382620707E-01
5.845749038228994E-01
5.917281709054508E-01
5.987178223498005E-01
6.055302515689062E-01
6.121502397798130E-01
6.185608288006280E-01
6.247431907194111E-01
6.306764962170853E-01
6.363377838971651E-01
6.417018336474836E-01
6.467410478361172E-01
6.514253450215448E-01
6.557220718226018E-01
6.595959396201767E-01
6.630089938058724E-01
6.659206242869002E-01
6.682876268096347E-01
6.700643252566759E-01
6.712027652561929E-01
6.716529890479130E-01
6.713634003953803E-01
6.702812262454255E-01
6.683530786744217E-01
6.655256163589652E-01
6.617462994083156E-01
6.569642250876816E-01
6.511310251097877E-01
6.442017983206000E-01
6.361360464469628E-01
6.268985758855883E-01
6.164603260495721E-01
6.047990851568806E-01
5.919000578748662E-01
5.777562558807016E-01
5.623686916998978E-01
5.457463673059499E-01
5.279060608001305E-01
5.088719258408200E-01
4.886749282458513E-01
4.673521514941080E-01
4.449460072138051E-01
4.215033880730026E-01
3.970747990523507E-01
3.717134994177826E-01
3.454746825072359E-01
3.184147144154678E-01
2.905904464531530E-01
2.620586103898368E-01
2.328753003267805E-01
2.030955407912320E-01
1.727729373697376E-01
1.419594038736559E-01
1.107049585556796E-01
7.905758113471192E-02
4.706312218818515E-02
1.476525669041797E-02
1.779452601669679E-02
5.057690284718649E-02
8.354467443464919E-02
1.166627048729434E-01
1.498978483791154E-01
1.832188667798783E-01
2.165963410449699E-01
2.500025794875114E-01
2.834115247252791E-01
3.167986610454009E-01
3.501409234336220E-01
3.834166092112215E-01
4.166052929610680E-01
4.496877452116653E-01
4.826458551775197E-01
5.154625577191829E-01
5.481217645810758E-01
5.806082998845095E-01
6.129078397927215E-01
6.450068562203866E-01
6.768925644287486E-01
7.085528743265243E-01
7.399763452838727E-01
7.711521442601539E-01
8.020700070444980E-01
8.327202024101658E-01
8.630934989882921E-01
8.931811346732835E-01
9.229747883798871E-01
9.524665539809126E-01
9.816489162635976E-01
1.010514728752115E+00
1.039057193253143E+00
1.067269840990777E+00
1.095146515206329E+00
1.122681355107702E+00
1.149868781061810E+00
1.176703480931784E+00
1.203180397468297E+00
1.229294716671219E+00
1.255041857043945E+00
1.280417459668473E+00
1.305417379034650E+00
1.330037674562003E+00
1.354274602757383E+00
1.378124609956083E+00
1.401584325598366E+00
1.424650555997221E+00
1.447320278556868E+00
1.469590636404920E+00
1.491458933404200E+00
1.512922629513126E+00
1.533979336466128E+00
1.554626813747946E+00
1.574862964837772E+00
1.594685833701170E+00
1.614093601509426E+00
1.633084583567572E+00
1.651657226433729E+00
1.669810105213513E+00
1.687541921014583E+00
1.704851498546804E+00
1.721737783854849E+00
1.738199842170759E+00
1.754236855875222E+00
1.769848122557726E+00
1.785033053167143E+00
1.799791170245360E+00
1.814122106237320E+00
1.828025601871241E+00
1.841501504602950E+00
1.854549767118391E+00
1.867170445888593E+00
1.879363699771832E+00
1.891129788657692E+00
1.902469072148484E+00
1.913382008273629E+00
1.923869152233066E+00
1.933931155166188E+00
1.943568762943122E+00
1.952782814975633E+00
1.961574243045245E+00
1.969944070146504E+00
1.977893409343641E+00
1.985423462639088E+00
1.992535519852539E+00
1.999230957509374E+00
2.005511237737366E+00
2.011377907170530E+00
2.016832595858893E+00
2.021877016182693E+00
2.026512961769335E+00
2.030742306411164E+00
2.034567002982507E+00
2.037989082354654E+00
2.041010652308255E+00
2.043633896443147E+00
2.045861073085952E+00
2.047694514195797E+00
2.049136624268369E+00
2.050189879238305E+00
2.050856825379672E+00
2.051140078204204E+00
2.051042321356885E+00
2.050566305508419E+00
2.049714847244072E+00
2.048490827948529E+00
2.046897192686300E+00
2.044936949077384E+00
2.042613166167938E+00
2.039928973295849E+00
2.036887558951305E+00
2.033492169632481E+00
2.029746108696700E+00
2.025652735207647E+00
2.021215462778972E+00
2.016437758415042E+00
2.011323141349241E+00
2.005875181880216E+00
2.000097500206059E+00
1.993993765256257E+00
1.987567693520740E+00
1.980823047875413E+00
1.973763636403609E+00
1.966393311213282E+00
1.958715967250169E+00
1.950735541107447E+00
1.942456009832574E+00
1.933881389731963E+00
1.925015735174035E+00
1.915863137391060E+00
1.906427723280077E+00
1.896713654203063E+00
1.886725124786464E+00
1.876466361720101E+00
1.865941622555455E+00
1.855155194503202E+00
1.844111393229916E+00
1.832814561653763E+00
1.821269068739060E+00
1.809479308289645E+00
1.797449697741056E+00
1.785184676951662E+00
1.772688706993070E+00
1.759966268940186E+00
1.747021862661440E+00
1.733860005609708E+00
1.720485231614377E+00
1.706902089674862E+00
1.693115142755605E+00
1.679128966582378E+00
1.664948148439429E+00
1.650577285967011E+00
1.636020985958872E+00
1.621283863159473E+00
1.606370539060949E+00
1.591285640699976E+00
1.576033799454836E+00
1.560619649842999E+00
1.545047828319538E+00
1.529322972076682E+00
1.513449717844745E+00
1.497432700694683E+00
1.481276552842446E+00
1.464985902455293E+00
1.448565372460137E+00
1.432019579353920E+00
1.415353132015940E+00
1.398570630521915E+00
1.381676664959549E+00
1.364675814245299E+00
1.347572644942144E+00
1.330371710078251E+00
1.313077547966604E+00
1.295694681025858E+00
1.278227614602810E+00
1.260680835796988E+00
1.243058812287835E+00
1.225365991164871E+00
1.207606797761045E+00
1.189785634489264E+00
1.171906879681929E+00
1.153974886433168E+00
1.135993981443453E+00
1.117968463866363E+00
1.099902604157329E+00
1.081800642924342E+00
1.063666789780660E+00
1.045505222199723E+00
1.027320084372361E+00
1.009115486066684E+00
9.908955014908644E-01
9.726641681591844E-01
9.544254857617464E-01
9.361834150382410E-01
9.179418766561765E-01
8.997047500938394E-01
8.814758725281269E-01
8.632590377271804E-01
8.450579949475220E-01
8.268764478353288E-01
8.087180533315337E-01
7.905864205805317E-01
7.724851098426646E-01
7.544176314108489E-01
7.363874445320000E-01
7.183979563340657E-01
7.004525207594318E-01
6.825544375055113E-01
6.647069509730572E-01
6.469132492226388E-01
6.291764629395054E-01
6.114996644069796E-01
5.938858664884147E-01
5.763380216178315E-01
5.588590207993405E-01
5.414516926156078E-01
5.241188022456635E-01
5.068630504925299E-01
4.896870728211595E-01
4.725934384074532E-01
4.555846491990865E-01
4.386631389892089E-01
4.218312725041912E-01
4.050913445067303E-01
3.884455789157152E-01
3.718961279441530E-01
3.554450712561785E-01
3.390944151438410E-01
3.228460917240946E-01
3.067019581563089E-01
2.906637958808033E-01
2.747333098792997E-01
2.589121279586642E-01
2.432018000596886E-01
2.276037975930548E-01
2.121195128047956E-01
1.967502581737181E-01
1.814972658432640E-01
1.663616870903050E-01
1.513445918333403E-01
1.364469681825837E-01
1.216697220344578E-01
1.070136767131312E-01
9.247957266188622E-02
7.806806718733693E-02
6.377973425977645E-02
4.961506437326103E-02
3.557446446938225E-02
2.165825792911100E-02
7.866684637548711E-03
5.800098872877449E-03
1.934201919486301E-02
3.275908572721688E-02
4.605139025700276E-02
5.921910643466353E-02
7.226248913361008E-02
8.518187368564693E-02
9.797767498342672E-02
1.106503864406469E-01
1.232005787998920E-01
1.356288987768259E-01
1.479360675279871E-01
1.601228789278623E-01
1.721901976393710E-01
1.841389569604724E-01
1.959701564276670E-01
2.076848591558374E-01
2.192841888918450E-01
2.307693267574414E-01
2.421415076549196E-01
2.534020163065839E-01
2.645521828965473E-01
2.755933782804890E-01
2.865270087258336E-01
2.973545101412822E-01
3.080773417507346E-01
3.186969791623165E-01
3.292149067784836E-01
3.396326094878758E-01
3.499515635737686E-01
3.601732267674476E-01
3.702990273676747E-01
3.803303523396223E-01
3.902685342981485E-01
4.001148372717037E-01
4.098704411337133E-01
4.195364245785003E-01
4.291137465080618E-01
4.386032256840380E-01
4.480055184860980E-01
4.573210946038053E-01
4.665502104739537E-01
4.756928802595780E-01
4.847488441505057E-01
4.937175337486644E-01
5.025980342844871E-01
5.113890433940991E-01
5.200888261712585E-01
5.286951661934276E-01
5.372053122089300E-01
5.456159201637947E-01
5.539229902422023E-01
5.621217985974365E-01
5.702068234615033E-01
5.781716653447693E-01
5.860089610753532E-01
5.937102914858194E-01
6.012660826370615E-01
6.086655005821185E-01
6.158963398230793E-01
6.229449058102721E-01
6.297958920837313E-01
6.364322529724873E-01
6.428350731582367E-01
6.489834358866762E-01
6.548542921817559E-01
6.604223340921025E-01
6.656598757776344E-01
6.705367471242393E-01
6.750202055419431E-01
6.790748726306985E-01
6.826627034434176E-01
6.857429970719959E-01
6.882724581366895E-01
6.902053193521341E-01
6.914935355266434E-01
6.920870589545887E-01
6.919342050026691E-01
6.909821145954242E-01
6.891773171346038E-01
6.864663930730770E-01
6.827967299496411E-01
6.781173593676011E-01
6.723798555338102E-01
6.655392691111562E-01
6.575550639722108E-01
6.483920197531990E-01
6.380210606524575E-01
6.264199713029578E-01
6.135739641030447E-01
5.994760690657125E-01
5.841273265811384E-01
5.675367746377880E-01
5.497212339069544E-01
5.307049054604220E-01
5.105188056487412E-01
4.892000699638802E-01
4.667911620557316E-01
4.433390253788840E-01
4.188942134865730E-01
3.935100313030488E-01
3.672417144814508E-01
3.401456679082559E-01
3.122787781965758E-01
2.836978091379941E-01
2.544588839174476E-01
2.246170536428241E-01
1.942259484709851E-01
1.633375052927861E-01
1.320017644710740E-01
1.002667273699774E-01
6.817826622074848E-02
3.578007809350804E-02
3.113675255820537E-03
2.978159511082988E-02
6.286850808256893E-02
9.611190048772231E-02
1.294785973665017E-01
1.629373292930081E-01
1.964586437782654E-01
2.300148133696664E-01
2.635797425362779E-01
2.971288749786524E-01
3.306391026210673E-01
3.640886772268152E-01
3.974571253160148E-01
4.307251668531067E-01
4.638746380009123E-01
4.968884181031598E-01
5.297503609522013E-01
5.624452303179587E-01
5.949586396535401E-01
6.272769958486805E-01
6.593874468709410E-01
6.912778331137671E-01
7.229366422578493E-01
7.543529674459092E-01
7.855164685696114E-01
8.164173364695275E-01
8.470462598540291E-01
8.773943947498372E-01
9.074533363050491E-01
9.372150927742638E-01
9.666720615246401E-01
9.958170069109135E-01
1.024643039876677E+00
1.053143599148196E+00
1.081312433895948E+00
1.109143587747717E+00
1.136631384045404E+00
1.163770412245869E+00
1.190555515373822E+00
1.216981778442112E+00
1.243044517761530E+00
1.268739271068539E+00
1.294061788405038E+00
1.319008023689493E+00
1.343574126923519E+00
1.367756436982435E+00
1.391551474942245E+00
1.414955937899371E+00
1.437966693242664E+00
1.460580773340598E+00
1.482795370609207E+00
1.504607832929002E+00
1.526015659381513E+00
1.547016496278352E+00
