-9.374094605515104E-01
-9.378512974437542E-01
-9.393832991961174E-01
-9.416159031762168E-01
-9.440054531474548E-01
-9.460150114711443E-01
-9.466364382717275E-01
-9.455330976251529E-01
-9.428916014046408E-01
-9.391695948515485E-01
-9.350481311657420E-01
-9.310351491028206E-01
-9.276580212215282E-01
-9.252294006210801E-01
-9.236651260220334E-01
-9.226610901292360E-01
-9.217387386917127E-01
-9.201392844652755E-01
-9.171899358720208E-01
-9.124828968042220E-01
-9.063392328970539E-01
-8.992574348285506E-01
-8.919751099057194E-01
-8.851838585555299E-01
-8.794529241560476E-01
-8.749843551370288E-01
-8.718251518835718E-01
-8.694139863178780E-01
-8.672949132940265E-01
-8.646800200458546E-01
-8.608514639655379E-01
-8.556181191958694E-01
-8.491972857925970E-01
-8.421606459030477E-01
-8.352973444565323E-01
-8.289777513368990E-01
-8.237366119227377E-01
-8.197907511651876E-01
-8.169324079253977E-01
-8.147773937650071E-01
-8.126328271638836E-01
-8.097518861174225E-01
-8.054501437415663E-01
-7.994316367478425E-01
-7.921604078694946E-01
-7.842724795796497E-01
-7.763381258097859E-01
-7.690689067774354E-01
-7.627702567849093E-01
-7.577316350548116E-01
-7.536476178296704E-01
-7.501551076453550E-01
-7.468111531118942E-01
-7.429236825801755E-01
-7.377376939813690E-01
-7.312956962276504E-01
-7.238181393250386E-01
-7.160300565845660E-01
-7.084465293612435E-01
-7.017130539638486E-01
-6.963331426553628E-01
-6.925105766096733E-01
-6.898473174030495E-01
-6.879721836780314E-01
-6.860731465798828E-01
-6.834153072204547E-01
-6.793214144498707E-01
-6.737803370469168E-01
-6.672650335954402E-01
-6.603515579888755E-01
-6.536181904670146E-01
-6.477953592797665E-01
-6.430034006481856E-01
-6.393982800881945E-01
-6.366548704283262E-01
-6.342577983199753E-01
-6.316833784797039E-01
-6.280398519137538E-01
-6.229027722917573E-01
-6.165495674250512E-01
-6.091845138392689E-01
-6.015779326559387E-01
-5.943966720005160E-01
-5.881906207913183E-01
-5.833911057260553E-01
-5.798734638621936E-01
-5.774013284264791E-01
-5.755376225745945E-01
-5.734564544854885E-01
-5.705402663452634E-01
-5.663388775721750E-01
-5.608889025698460E-01
-5.547521646485983E-01
-5.483904026184552E-01
-5.425186211301545E-01
-5.376075648977049E-01
-5.338877310952386E-01
-5.314350709703350E-01
-5.298783815776600E-01
-5.285484109383755E-01
-5.268675356269525E-01
-5.238585772585556E-01
-5.192251532170246E-01
-5.130174792190860E-01
-5.057883714223332E-01
-4.983486081283008E-01
-4.915032926964348E-01
-4.856083227667218E-01
-4.810801091992890E-01
-4.776609311998457E-01
-4.750165374029806E-01
-4.724644873267055E-01
-4.694225496863957E-01
-4.653426698274416E-01
-4.600554366945329E-01
-4.536187631979341E-01
-4.467139582742591E-01
-4.397898503232236E-01
-4.335618886585873E-01
-4.283684553537003E-01
-4.245669712500268E-01
-4.220570253897773E-01
-4.204827056630843E-01
-4.190978689011102E-01
-4.173295820230097E-01
-4.142262352867366E-01
-4.096484256107183E-01
-4.037520976971583E-01
-3.971329415107450E-01
-3.905121330211239E-01
-3.845622865554807E-01
-3.796080254762356E-01
-3.760068959724296E-01
-3.732975466530919E-01
-3.710525971666581E-01
-3.686567971683243E-01
-3.654326737191957E-01
-3.608662727922156E-01
-3.548692537616916E-01
-3.477143222249598E-01
-3.402352472232500E-01
-3.328436796500815E-01
-3.262477749754237E-01
-3.208840454637202E-01
-3.169034477992189E-01
-3.141161545209020E-01
-3.118523250563426E-01
-3.096219790015887E-01
-3.068983651764016E-01
-3.027882439034014E-01
-2.973274122232344E-01
-2.908690434925054E-01
-2.839854649796485E-01
-2.773405619227495E-01
-2.714191321011598E-01
-2.667092073587110E-01
-2.634044168246704E-01
-2.608917505450389E-01
-2.587242070157235E-01
-2.563162916444564E-01
-2.528628510740356E-01
-2.479097113525129E-01
-2.412779075661488E-01
-2.334691561806597E-01
-2.251121732874868E-01
-2.167887656691037E-01
-2.092510956977250E-01
-2.030072873977401E-01
-1.979972003633068E-01
-1.939514687500605E-01
-1.901868610274230E-01
-1.861629115018596E-01
-1.810208397251816E-01
-1.743807649915248E-01
-1.664907997833801E-01
-1.579327691360309E-01
-1.491247517218427E-01
-1.408572333653852E-01
-1.334870704749421E-01
-1.274606880281803E-01
-1.225516680712272E-01
-1.184174265060730E-01
-1.146042290405466E-01
-1.105868285023224E-01
-1.054384522405249E-01
-9.888788844140593E-02
-9.083235416813437E-02
-8.182806285959371E-02
-7.235537774057708E-02
-6.312291140701411E-02
-5.476236254023198E-02
-4.763453372084850E-02
-4.154820014122818E-02
-3.619310005334966E-02
-3.071391285779618E-02
-2.461902550394085E-02
-1.723577075440689E-02
-8.260770567248533E-03
 2.033495216003541E-03
 1.317992768537922E-02
 2.449492346930559E-02
 3.508642773038482E-02
 4.472222605250334E-02
 5.293446354516025E-02
 5.983664747823284E-02
 6.607743433290042E-02
 7.217417204933022E-02
 7.887173138431930E-02
 8.675903055723402E-02
 9.608768140945910E-02
 1.067150130886490E-01
 1.179647887850693E-01
 1.291481862660822E-01
 1.397847375876727E-01
 1.492629434469104E-01
 1.575453667209317E-01
 1.647688014602179E-01
 1.717876219503740E-01
 1.790681056691623E-01
 1.870607666786443E-01
 1.962800926495849E-01
 2.071232815995381E-01
 2.191479257566895E-01
 2.319874314084996E-01
 2.448916249184107E-01
 2.573222154062618E-01
 2.686785965233234E-01
 2.786379489185181E-01
 2.874159640259430E-01
 2.957526789849121E-01
 3.039915017819591E-01
 3.129737418202839E-01
 3.231560053565615E-01
 3.346287202308051E-01
 3.471120628926286E-01
 3.599368567755861E-01
 3.725002404982080E-01
 3.842034817255012E-01
 3.945151399804853E-01
 4.033661661485743E-01
 4.109770061934372E-01
 4.180149069797429E-01
 4.252261471636731E-01
 4.331064323077162E-01
 4.423185859866355E-01
 4.528499175131127E-01
 4.645253970240182E-01
 4.766411488404509E-01
 4.884219001742552E-01
 4.991900822822892E-01
 5.086636824034804E-01
 5.165816828505372E-01
 5.234785278527837E-01
 5.299852376689900E-01
 5.367505368046426E-01
 5.442808541719146E-01
 5.528957571056470E-01
 5.625452419752627E-01
 5.728225320969281E-01
 5.828985271700414E-01
 5.922897912090244E-01
 6.003133513175828E-01
 6.065069076443937E-01
 6.108115452899600E-01
 6.136311965579018E-01
 6.157687916682800E-01
 6.177636685885549E-01
 6.200896862843122E-01
 6.232708083357109E-01
 6.271183565060987E-01
 6.311667932769766E-01
 6.349028271096829E-01
 6.376629095009569E-01
 6.389643790487177E-01
 6.384259462159865E-01
 6.360340480322124E-01
 6.324394855384629E-01
 6.283056640548362E-01
 6.242064655273222E-01
 6.207784598583533E-01
 6.182824992951342E-01
 6.166800843294910E-01
 6.154591847404252E-01
 6.138564002575094E-01
 6.114017089073163E-01
 6.074463415692468E-01
 6.016696418810102E-01
 5.941555483281923E-01
 5.854819567453491E-01
 5.763799329878858E-01
 5.674479210259411E-01
 5.591173402095808E-01
 5.518175926930901E-01
 5.453430180820636E-01
 5.393263897786877E-01
 5.330580142014563E-01
 5.258200446270954E-01
 5.170154171495859E-01
 5.065586548565275E-01
 4.945223272651994E-01
 4.817146027015357E-01
