-1.302436403088749E+00
-1.286430323520982E+00
-1.270118595053034E+00
-1.253510364513681E+00
-1.236614689377334E+00
-1.219440539937713E+00
-1.201996801344821E+00
-1.184292275509425E+00
-1.166335682879392E+00
-1.148135664092272E+00
-1.129700781508624E+00
-1.111039520630596E+00
-1.092160291410337E+00
-1.073071429452830E+00
-1.053781197117800E+00
-1.034297784525334E+00
-1.014629310469901E+00
-9.947838232474518E-01
-9.747693014002139E-01
-9.545936543837417E-01
-9.342647231605310E-01
-9.137902807242052E-01
-8.931780325578635E-01
-8.724356170297817E-01
-8.515706057294014E-01
-8.305905037464600E-01
-8.095027498961926E-01
-7.883147168936631E-01
-7.670337114803715E-01
-7.456669745062749E-01
-7.242216809703020E-01
-7.027049400223075E-01
-6.811237949292825E-01
-6.594852230084862E-01
-6.377961355300342E-01
-6.160633775913187E-01
-5.942937279655159E-01
-5.724938989262586E-01
-5.506705360503807E-01
-5.288302180004895E-01
-5.069794562889270E-01
-4.851246950245514E-01
-4.632723106436680E-01
-4.414286116263891E-01
-4.195998381997116E-01
-3.977921620286703E-01
-3.760116858970434E-01
-3.542644433792089E-01
-3.325563985048638E-01
-3.108934454183497E-01
-2.892814080342251E-01
-2.677260396904635E-01
-2.462330228003304E-01
-2.248079685036102E-01
-2.034564163176039E-01
-1.821838337882346E-01
-1.609956161416226E-01
-1.398970859366075E-01
-1.188934927188280E-01
-9.799001267706367E-02
-7.719174830260764E-02
-5.650372805244425E-02
-3.593090601709253E-02
-1.547816159385490E-02
 4.849700833658082E-03
 2.504795220899155E-02
 4.511193910843008E-02
 6.503708403819242E-02
 8.481888572264963E-02
 1.044529193830779E-01
 1.239348370071487E-01
 1.432603676089956E-01
 1.624253174802046E-01
 1.814255704319186E-01
 2.002570880282556E-01
 2.189159098109135E-01
 2.373981535146252E-01
 2.557000152728282E-01
 2.738177698127067E-01
 2.917477706387039E-01
 3.094864502036919E-01
 3.270303200672397E-01
 3.443759710406952E-01
 3.615200733191851E-01
 3.784593766007530E-01
 3.951907101929951E-01
 4.117109831075434E-01
 4.280171841426264E-01
 4.441063819538623E-01
 4.599757251133203E-01
 4.756224421567808E-01
 4.910438416190456E-01
 5.062373120570509E-01
 5.212003220604432E-01
 5.359304202491630E-01
 5.504252352575043E-01
 5.646824757040677E-01
 5.786999301470795E-01
 5.924754670247220E-01
 6.060070345804404E-01
 6.192926607734982E-01
 6.323304531753917E-01
 6.451185988528326E-01
 6.576553642379728E-01
 6.699390949862537E-01
 6.819682158219340E-01
 6.937412303709903E-01
 7.052567209807535E-01
 7.165133485255774E-01
 7.275098521977434E-01
 7.382450492829771E-01
 7.487178349201542E-01
 7.589271818450277E-01
 7.688721401180140E-01
 7.785518368362349E-01
 7.879654758300949E-01
 7.971123373446851E-01
 8.059917777062413E-01
 8.146032289738783E-01
 8.229461985766757E-01
 8.310202689361675E-01
 8.388250970741236E-01
 8.463604142054372E-01
 8.536260253157080E-01
 8.606218087229380E-01
 8.673477156225626E-01
 8.738037696149361E-01
 8.799900662144612E-01
 8.859067723398143E-01
 8.915541257851567E-01
 8.969324346726544E-01
 9.020420768869106E-01
 9.068834994919331E-01
 9.114572181310253E-01
 9.157638164096598E-01
 9.198039452610119E-01
 9.235783222935351E-01
 9.270877311197842E-01
 9.303330206656034E-01
 9.333151044588229E-01
 9.360349598967014E-01
 9.384936274914775E-01
 9.406922100935489E-01
 9.426318720919300E-01
 9.443138385917366E-01
 9.457393945685161E-01
 9.469098839992708E-01
 9.478267089700326E-01
 9.484913287597864E-01
 9.489052589006278E-01
 9.490700702137147E-01
 9.489873878208431E-01
 9.486588901309825E-01
 9.480863078010247E-01
 9.472714226697224E-01
 9.462160666634977E-01
 9.449221206726428E-01
 9.433915133966099E-01
 9.416262201573520E-01
 9.396282616802022E-01
 9.373997028419457E-01
 9.349426513863991E-01
 9.322592566068212E-01
 9.293517079950142E-01
 9.262222338563225E-01
 9.228730998894260E-01
 9.193066077297229E-01
 9.155250934549112E-01
 9.115309260513017E-01
 9.073265058393627E-01
 9.029142628569738E-01
 8.982966551988830E-01
 8.934761673109011E-01
 8.884553082373698E-01
 8.832366098204888E-01
 8.778226248500645E-01
 8.722159251622698E-01
 8.664190996859602E-01
 8.604347524350777E-01
 8.542655004456179E-01
 8.479139716555754E-01
 8.413828027260879E-01
 8.346746368019510E-01
 8.277921212090920E-01
 8.207379050864408E-01
 8.135146369491608E-01
 8.061249621799295E-01
 7.985715204450328E-01
 7.908569430322013E-01
 7.829838501073527E-01
 7.749548478875170E-01
 7.667725257271888E-01
 7.584394531151205E-01
 7.499581765782392E-01
 7.413312164890414E-01
 7.325610637726295E-01
 7.236501765089725E-01
 7.146009764259754E-01
 7.054158452784787E-01
 6.960971211080837E-01
 6.866470943784386E-01
 6.770680039803157E-01
 6.673620331005584E-01
 6.575313049486911E-01
 6.475778783347227E-01
 6.375037430913979E-01
 6.273108153338736E-01
 6.170009325495277E-01
 6.065758485103337E-01
 5.960372279999459E-01
 5.853866413473504E-01
 5.746255587585627E-01
 5.637553444373898E-01
 5.527772504856425E-01
 5.416924105724763E-01
 5.305018333617614E-01
 5.192063956857911E-01
 5.078068354532194E-01
 4.963037442789279E-01
 4.846975598234040E-01
 4.729885578290744E-01
 4.611768438408599E-01
 4.492623445980000E-01
 4.372447990839749E-01
 4.251237492212181E-01
 4.128985301972718E-01
 4.005682604091528E-01
 3.881318310129551E-01
 3.755878950662406E-01
 3.629348562514929E-01
 3.501708571699720E-01
 3.372937671967687E-01
 3.243011698897443E-01
 3.111903499475491E-01
 2.979582797150806E-01
 2.846016052387684E-01
 2.711166318790634E-01
 2.574993094937004E-01
 2.437452172128547E-01
 2.298495478364964E-01
 2.158070918952542E-01
 2.016122214292496E-01
 1.872588735549002E-01
 1.727405339079921E-01
 1.580502200730414E-01
 1.431804651346126E-01
 1.281233015168506E-01
 1.128702453137507E-01
 9.741228135541505E-02
 8.173984930573341E-02
 6.584283114523322E-02
 4.971054046083595E-02
 3.333171404244468E-02
 1.669450637665550E-02
-2.135122687698585E-04
-1.740535335829521E-02
-3.489460225524125E-02
-5.269540394757735E-02
-7.082244107270629E-02
-8.929090279875063E-02
-1.081164429225608E-01
-1.273151253352428E-01
-1.469033547890538E-01
-1.668977906821150E-01
-1.873152413702400E-01
-2.081725363326096E-01
-2.294863733798657E-01
-2.512731380250503E-01
-2.735486921721147E-01
-2.963281294533436E-01
-3.196254949131531E-01
-3.434534673449545E-01
-3.678230034978149E-01
-3.927429446379403E-01
-4.182195876273295E-01
-4.442562248027594E-01
-4.708526595086772E-01
-4.980047071204569E-01
-5.257036946932673E-01
-5.539359758153557E-01
-5.826824805771216E-01
-6.119183234472487E-01
-6.416124938614574E-01
-6.717276550268134E-01
-7.022200753908115E-01
-7.330397140754552E-01
-7.641304761625620E-01
-7.954306461196157E-01
-8.268734982623284E-01
-8.583880726582757E-01
-8.899000942404359E-01
-9.213330032177136E-01
-9.526090572207537E-01
-9.836504608905507E-01
-1.014380477342302E+00
-1.044724478216251E+00
-1.074610894508710E+00
-1.103972038330941E+00
-1.132744775201089E+00
-1.160871036389743E+00
-1.188298170251700E+00
-1.214979139627193E+00
-1.240872578795948E+00
-1.265942727906871E+00
-1.290159265318384E+00
-1.313497059085131E+00
-1.335935858241917E+00
-1.357459942935515E+00
-1.378057750200989E+00
-1.397721489588819E+00
-1.416446760177748E+00
-1.434232177942712E+00
-1.451079020111475E+00
-1.466990891106846E+00
-1.481973412961378E+00
-1.496033941705214E+00
-1.509181310142519E+00
-1.521425596613745E+00
-1.532777918750755E+00
-1.543250250829960E+00
-1.552855263077988E+00
-1.561606181151467E+00
-1.569516663968526E+00
-1.576600698090545E+00
-1.582872506918853E+00
-1.588346473067275E+00
-1.593037072385772E+00
-1.596958818234007E+00
-1.600126214730213E+00
-1.602553717825431E+00
-1.604255703173082E+00
-1.605246439876727E+00
-1.605540069303748E+00
-1.605150588248778E+00
-1.604091835818016E+00
-1.602377483484141E+00
-1.600021027831857E+00
-1.597035785576536E+00
-1.593434890493761E+00
-1.589231291946253E+00
-1.584437754737486E+00
-1.579066860058825E+00
-1.573131007329603E+00
-1.566642416758367E+00
-1.559613132478025E+00
-1.552055026129209E+00
-1.543979800784711E+00
-1.535398995123800E+00
-1.526323987779091E+00
-1.516766001790800E+00
-1.506736109113852E+00
-1.496245235132742E+00
-1.485304163147124E+00
-1.473923538798102E+00
-1.462113874410891E+00
-1.449885553234151E+00
-1.437248833560465E+00
-1.424213852715489E+00
-1.410790630906266E+00
-1.396989074921551E+00
-1.382818981679084E+00
-1.368290041616520E+00
-1.353411841924285E+00
-1.338193869619933E+00
-1.322645514464722E+00
-1.306776071724081E+00
-1.290594744774469E+00
-1.274110647559730E+00
-1.257332806900649E+00
-1.240270164661788E+00
-1.222931579780036E+00
-1.205325830159534E+00
-1.187461614437863E+00
-1.169347553628417E+00
-1.150992192644014E+00
-1.132404001706549E+00
-1.113591377647383E+00
-1.094562645102833E+00
-1.075326057608783E+00
-1.055889798598351E+00
-1.036261982306560E+00
-1.016450654586215E+00
-9.964637936393345E-01
-9.763093106686737E-01
-9.559950504537947E-01
-9.355287918560002E-01
-9.149182482562038E-01
-8.941710679296918E-01
-8.732948343612916E-01
-8.522970665044705E-01
-8.311852189875515E-01
-8.099666822701029E-01
-7.886487827523837E-01
-7.672387828405791E-01
-7.457438809704309E-01
-7.241712115917583E-01
-7.025278451162822E-01
-6.808207878310920E-01
-6.590569817800513E-01
-6.372433046153980E-01
-6.153865694217914E-01
-5.934935245150660E-01
-5.715708532179903E-01
-5.496251736153510E-01
-5.276630382906715E-01
-5.056909340467023E-01
-4.837152816116240E-01
-4.617424353323554E-01
-4.397786828560795E-01
-4.178302448007660E-01
-3.959032744154398E-01
-3.740038572311100E-01
-3.521380107034786E-01
-3.303116838487158E-01
-3.085307568736805E-01
-2.868010408019779E-01
-2.651282770971830E-01
-2.435181372844994E-01
-2.219762225719787E-01
-2.005080634724596E-01
-1.791191194271100E-01
-1.578147784315074E-01
-1.366003566648777E-01
-1.154810981232459E-01
-9.446217425685841E-02
-7.354868361226005E-02
-5.274565147933857E-02
-3.205802954350986E-02
-1.149069554331223E-02
 8.951547066389327E-03
 2.926396944515547E-02
 4.944191769116128E-02
 6.948081315804630E-02
 8.937615276344536E-02
 1.091235092881199E-01
 1.287185316646808E-01
 1.481569452552043E-01
 1.674345521174828E-01
 1.865472312601132E-01
 2.054909388868175E-01
 2.242617086304600E-01
 2.428556517770394E-01
 2.612689574797138E-01
 2.794978929627173E-01
 2.975388037148728E-01
 3.153881136723177E-01
 3.330423253900026E-01
 3.504980202014973E-01
 3.677518583666327E-01
 3.848005792064991E-01
 4.016410012253629E-01
 4.182700222191356E-01
 4.346846193701117E-01
 4.508818493278496E-01
 4.668588482762863E-01
 4.826128319872491E-01
 4.981410958607668E-01
 5.134410149526041E-01
 5.285100439894134E-01
 5.433457173717811E-01
 5.579456491652062E-01
 5.723075330787226E-01
 5.864291424305478E-01
 6.003083300999000E-01
 6.139430284640669E-01
 6.273312493199676E-01
 6.404710837898415E-01
 6.533607022111609E-01
 6.659983540111448E-01
 6.783823675664953E-01
 6.905111500489323E-01
 7.023831872569752E-01
 7.139970434342526E-01
 7.253513610744438E-01
 7.364448607128140E-01
 7.472763407041761E-01
 7.578446769870163E-01
 7.681488228334248E-01
 7.781878085843765E-01
 7.879607413698426E-01
 7.974668048131828E-01
 8.067052587192934E-01
 8.156754387461000E-01
 8.243767560592216E-01
 8.328086969698244E-01
 8.409708225560334E-01
 8.488627682683216E-01
 8.564842435194928E-01
 8.638350312596322E-01
 8.709149875361983E-01
 8.777240410390814E-01
 8.842621926300704E-01
 8.905295148558642E-01
 8.965261514436375E-01
 9.022523167782011E-01
 9.077082953600238E-01
 9.128944412436681E-01
 9.178111774565192E-01
 9.224589953978907E-01
 9.268384542186279E-01
 9.309501801814564E-01
 9.347948660020883E-01
 9.383732701711485E-01
 9.416862162567171E-01
 9.447345921873389E-01
 9.475193495151105E-01
 9.500415026583946E-01
 9.523021281235707E-01
 9.543023637050693E-01
 9.560434076628003E-01
 9.575265178759865E-01
 9.587530109724162E-01
 9.597242614323084E-01
 9.604417006661454E-01
 9.609068160662714E-01
 9.611211500322719E-01
 9.610862989702706E-01
 9.608039122662488E-01
 9.602756912332789E-01
 9.595033880321802E-01
 9.584888045648572E-01
 9.572337913392041E-01
 9.557402463043307E-01
 9.540101136547635E-01
 9.520453826023476E-01
 9.498480861146625E-01
 9.474202996189550E-01
 9.447641396707036E-01
 9.418817625860324E-01
 9.387753630372557E-01
 9.354471726107745E-01
 9.318994583265844E-01
 9.281345211184908E-01
 9.241546942741724E-01
 9.199623418339780E-01
 9.155598569474425E-01
 9.109496601861818E-01
 9.061341978117050E-01
 9.011159399964770E-01
 8.958973789962629E-01
 8.904810272715911E-01
 8.848694155560969E-01
 8.790650908696059E-01
 8.730706144740191E-01
 8.668885597703375E-01
 8.605215101353355E-01
 8.539720566964065E-01
 8.472427960428003E-01
 8.403363278714095E-01
 8.332552525647072E-01
 8.260021686982589E-01
 8.185796704748981E-01
 8.109903450824425E-01
 8.032367699716555E-01
 7.953215100510097E-01
 7.872471147947210E-01
 7.790161152604116E-01
 7.706310210126820E-01
 7.620943169487404E-01
 7.534084600221249E-01
 7.445758758603785E-01
 7.355989552723688E-01
 7.264800506407414E-01
 7.172214721948009E-01
 7.078254841588734E-01
 6.982943007709492E-01
 6.886300821661251E-01
 6.788349301188967E-01
 6.689108836379193E-01
 6.588599144062445E-01
 6.486839220594708E-01
 6.383847292937964E-01
 6.279640767957148E-01
 6.174236179849698E-01
 6.067649135622951E-01
 5.959894258532944E-01
 5.850985129395238E-01
 5.740934225673663E-01
 5.629752858247740E-01
 5.517451105754840E-01
 5.404037746396171E-01
 5.289520187092006E-01
 5.173904389865656E-01
 5.057194795331414E-01
 4.939394243157658E-01
 4.820503889372725E-01
 4.700523120378482E-01
 4.579449463534644E-01
 4.457278494176024E-01
 4.334003738925446E-01
 4.209616575166898E-01
 4.084106126547485E-01
 3.957459154382972E-01
 3.829659944850846E-01
 3.700690191867415E-01
 3.570528875562043E-01
 3.439152136282198E-01
 3.306533144087745E-01
 3.172641963723760E-01
 3.037445415095977E-01
 2.900906929320046E-01
 2.762986400473368E-01
 2.623640033252558E-01
 2.482820186831813E-01
 2.340475215328661E-01
 2.196549305416238E-01
 2.050982311778278E-01
 1.903709591289234E-01
 1.754661837022059E-01
 1.603764913446970E-01
 1.450939694492286E-01
 1.296101906501659E-01
 1.139161978547202E-01
 9.800249030577789E-02
 8.185901103018631E-02
 6.547513609440872E-02
 4.883966616733453E-02
 3.194082098068406E-02
 1.476623738066564E-02
-2.697028217484399E-03
-2.046249202704129E-02
-3.854422864461157E-02
-5.695684910092070E-02
-7.571546976333510E-02
-9.483567044788523E-02
-1.143334398882762E-01
-1.342251064915849E-01
-1.545272520924097E-01
-1.752566062097423E-01
-1.964299181283075E-01
-2.180638039881708E-01
-2.401745659983780E-01
-2.627779809249706E-01
-2.858890551806830E-01
-3.095217442104771E-01
-3.336886344775383E-01
-3.584005872661599E-01
-3.836663447887281E-01
-4.094921007646318E-01
-4.358810397641176E-01
-4.628328521860637E-01
-4.903432347280967E-01
-5.184033895134873E-01
-5.469995384900757E-01
-5.761124730552355E-01
-6.057171617449123E-01
-6.357824408398853E-01
-6.662708134357782E-01
-6.971383814603422E-01
-7.283349319571918E-01
-7.598041935203873E-01
-7.914842711426138E-01
-8.233082583202613E-01
-8.552050147423119E-01
-8.871000872350825E-01
-9.189167419423592E-01
-9.505770680717464E-01
-9.820031088187822E-01
-1.013117973827288E+00
-1.043846889852962E+00
-1.074118151811029E+00
-1.103863944374758E+00
-1.133021013775517E+00
-1.161531179389454E+00
-1.189341684118465E+00
-1.216405390725855E+00
-1.242680837682301E+00
-1.268132172507020E+00
-1.292728983088177E+00
-1.316446048253067E+00
-1.339263028260317E+00
-1.361164114274263E+00
-1.382137653618176E+00
-1.402175765005705E+00
-1.421273955273758E+00
-1.439430746572071E+00
-1.456647320627831E+00
-1.472927184667438E+00
-1.488275861868430E+00
-1.502700607830097E+00
-1.516210153467672E+00
-1.528814473918574E+00
-1.540524582460393E+00
-1.551352348039625E+00
-1.561310334760275E+00
-1.570411661549182E+00
-1.578669880171477E+00
-1.586098869791250E+00
-1.592712746339649E+00
-1.598525785049944E+00
-1.603552354634424E+00
-1.607806861702328E+00
-1.611303704145234E+00
-1.614057232341030E+00
-1.616081717147590E+00
-1.617391323769866E+00
-1.618000090688607E+00
-1.617921912934561E+00
-1.617170529078849E+00
-1.615759511388432E+00
-1.613702258665601E+00
-1.611011991352851E+00
-1.607701748539891E+00
-1.603784386558538E+00
-1.599272578894529E+00
-1.594178817183245E+00
-1.588515413089707E+00
-1.582294500902189E+00
-1.575528040693880E+00
-1.568227821928702E+00
-1.560405467405873E+00
-1.552072437453664E+00
-1.543240034296349E+00
-1.533919406529999E+00
-1.524121553652818E+00
-1.513857330604434E+00
-1.503137452276238E+00
-1.491972497961540E+00
-1.480372915720169E+00
-1.468349026637198E+00
-1.455911028959837E+00
-1.443069002100154E+00
-1.429832910494399E+00
-1.416212607312230E+00
-1.402217838011341E+00
-1.387858243734750E+00
-1.373143364549491E+00
-1.358082642526777E+00
-1.342685424664613E+00
-1.326960965654683E+00
-1.310918430495925E+00
-1.294566896957651E+00
