 3.375970964484656E-02
 2.950385425388606E-02
 2.524169588311809E-02
 2.097425446753869E-02
 1.670251052381912E-02
 1.242740708409915E-02
 8.149851524131283E-03
 3.870717292107863E-03
-4.091544558996589E-04
-4.688953308337632E-03
-8.967898133194789E-03
-1.324523569076786E-02
-1.752023931957688E-02
-2.179220769111271E-02
-2.606046362935890E-02
-3.032435299126397E-02
-3.458324360458125E-02
-3.883652425970387E-02
-4.308360375234983E-02
-4.732390997416073E-02
-5.155688904849903E-02
-5.578200450892334E-02
-5.999873651801363E-02
-6.420658112435187E-02
-6.840504955558896E-02
-7.259366754560551E-02
-7.677197469386164E-02
-8.093952385511848E-02
-8.509588055781657E-02
-8.924062244950910E-02
-9.337333876785078E-02
-9.749362983575528E-02
-1.016011065794234E-01
-1.056953900680352E-01
-1.097761110739769E-01
-1.138429096525533E-01
-1.178954347401947E-01
-1.219333437702305E-01
-1.259563023053530E-01
-1.299639836859385E-01
-1.339560686934199E-01
-1.379322452279446E-01
-1.418922079995631E-01
-1.458356582322303E-01
-1.497623033799236E-01
-1.536718568542206E-01
-1.575640377627233E-01
-1.614385706577738E-01
-1.652951852949568E-01
-1.691336164009492E-01
-1.729536034503191E-01
-1.767548904509027E-01
-1.805372257373969E-01
-1.843003617727874E-01
-1.880440549572202E-01
-1.917680654439154E-01
-1.954721569617354E-01
-1.991560966440306E-01
-2.028196548634279E-01
-2.064626050722512E-01
-2.100847236482895E-01
-2.136857897456586E-01
-2.172655851505415E-01
-2.208238941415642E-01
-2.243605033546440E-01
-2.278752016520987E-01
-2.313677799959010E-01
-2.348380313248390E-01
-2.382857504354414E-01
-2.417107338665588E-01
-2.451127797872680E-01
-2.484916878880145E-01
-2.518472592747181E-01
-2.551792963657024E-01
-2.584876027911905E-01
-2.617719832952755E-01
-2.650322436402581E-01
-2.682681905132235E-01
-2.714796314348432E-01
-2.746663746703343E-01
-2.778282291425128E-01
-2.809650043468600E-01
-2.840765102684930E-01
-2.871625573009058E-01
-2.902229561663385E-01
-2.932575178376422E-01
-2.962660534615046E-01
-2.992483742829313E-01
-3.022042915708889E-01
-3.051336165450284E-01
-3.080361603034289E-01
-3.109117337513063E-01
-3.137601475306431E-01
-3.165812119507044E-01
-3.193747369194071E-01
-3.221405318755104E-01
-3.248784057215882E-01
-3.275881667577235E-01
-3.302696226158490E-01
-3.329225801946256E-01
-3.355468455947448E-01
-3.381422240545336E-01
-3.407085198857595E-01
-3.432455364095680E-01
-3.457530758925123E-01
-3.482309394826704E-01
-3.506789271458561E-01
-3.530968376019303E-01
-3.554844682612107E-01
-3.578416151609509E-01
-3.601680729018378E-01
-3.624636345844313E-01
-3.647280917454623E-01
-3.669612342938963E-01
-3.691628504466670E-01
-3.713327266640142E-01
-3.734706475843506E-01
-3.755763959586061E-01
-3.776497525840118E-01
-3.796904962372860E-01
-3.816984036072035E-01
-3.836732492265276E-01
-3.856148054032986E-01
-3.875228421514611E-01
-3.893971271208165E-01
-3.912374255262673E-01
-3.930435000762911E-01
-3.948151109005608E-01
-3.965520154765904E-01
-3.982539685552857E-01
-3.999207220852834E-01
-4.015520251360115E-01
-4.031476238194185E-01
-4.047072612103697E-01
-4.062306772657126E-01
-4.077176087420141E-01
-4.091677891119538E-01
-4.105809484793372E-01
-4.119568134926705E-01
-4.132951072572125E-01
-4.145955492454089E-01
-4.158578552056044E-01
-4.170817370689251E-01
-4.182669028542314E-01
-4.194130565710449E-01
-4.205198981203694E-01
-4.215871231933300E-01
-4.226144231675656E-01
-4.236014850013196E-01
-4.245479911251858E-01
-4.254536193314480E-01
-4.263180426609942E-01
-4.271409292877394E-01
-4.279219424005112E-01
-4.286607400822944E-01
-4.293569751867406E-01
-4.300102952117834E-01
-4.306203421701509E-01
-4.311867524566643E-01
-4.317091567121371E-01
-4.321871796837827E-01
-4.326204400820938E-01
-4.330085504341098E-01
-4.333511169330346E-01
-4.336477392841501E-01
-4.338980105469198E-01
-4.341015169731611E-01
-4.342578378411617E-01
-4.343665452855817E-01
-4.344272041229886E-01
-4.344393716728520E-01
-4.344025975738414E-01
-4.343164235952628E-01
-4.341803834434814E-01
-4.339940025631903E-01
-4.337567979333841E-01
-4.334682778579178E-01
-4.331279417505292E-01
-4.327352799142201E-01
-4.322897733148841E-01
-4.317908933490844E-01
-4.312381016058588E-01
-4.306308496224410E-01
-4.299685786337235E-01
-4.292507193152874E-01
-4.284766915197932E-01
-4.276459040065161E-01
-4.267577541638587E-01
-4.258116277247162E-01
-4.248068984746275E-01
-4.237429279526810E-01
-4.226190651451583E-01
-4.214346461719081E-01
-4.201889939654232E-01
-4.188814179426034E-01
-4.175112136692046E-01
-4.160776625169578E-01
-4.145800313134018E-01
-4.130175719844859E-01
-4.113895211900472E-01
-4.096950999523229E-01
-4.079335132777167E-01
-4.061039497721132E-01
-4.042055812501186E-01
-4.022375623386959E-01
-4.001990300757714E-01
-3.980891035044994E-01
-3.959068832639958E-01
-3.936514511774912E-01
-3.913218698389936E-01
-3.889171821997105E-01
-3.864364111556440E-01
-3.838785591379635E-01
-3.812426077079761E-01
-3.785275171587753E-01
-3.757322261259962E-01
-3.728556512104794E-01
-3.698966866161069E-01
-3.668542038065526E-01
-3.637270511852111E-01
-3.605140538031247E-01
-3.572140131003619E-01
-3.538257066869988E-01
-3.503478881706601E-01
-3.467792870384892E-01
-3.431186086024512E-01
-3.393645340180505E-01
-3.355157203878559E-01
-3.315708009627424E-01
-3.275283854554300E-01
-3.233870604828211E-01
-3.191453901557744E-01
-3.148019168373846E-01
-3.103551620935522E-01
-3.058036278626927E-01
-3.011457978748682E-01
-2.963801393544744E-01
-2.915051050449474E-01
-2.865191355987773E-01
-2.814206623815401E-01
-2.762081107447180E-01
-2.708799038288472E-01
-2.654344669661148E-01
-2.598702327599693E-01
-2.541856469287255E-01
-2.483791750105463E-01
-2.424493100386622E-01
-2.363945813082455E-01
-2.302135643700394E-01
-2.239048924006727E-01
-2.174672691155072E-01
-2.108994834068702E-01
-2.042004259083373E-01
-1.973691077042222E-01
-1.904046814221098E-01
-1.833064649646215E-01
-1.760739681538267E-01
-1.687069225767727E-01
-1.612053149320817E-01
-1.535694241836463E-01
-1.457998628258056E-01
-1.378976225520750E-01
-1.298641245928760E-01
-1.217012749423714E-01
-1.134115246251695E-01
-1.049979350542182E-01
-9.646424839477800E-02
-8.781496266845835E-02
-7.905541109818438E-02
-7.019184490228036E-02
-6.123151838737872E-02
-5.218277476198385E-02
-4.305513059573173E-02
-3.385935629072122E-02
-2.460754932654502E-02
-1.531319641731157E-02
-5.991220118553281E-03
 3.341995098251851E-03
 1.266860265239887E-02
 2.196932501687285E-02
 3.122352150326970E-02
 4.040929729768177E-02
 4.950365723634549E-02
 5.848270612560382E-02
 6.732189519596393E-02
 7.599631161933205E-02
 8.448100507723229E-02
 9.275134238895469E-02
 1.007833784938483E-01
 1.085542299560219E-01
 1.160424359215748E-01
 1.232282913286230E-01
 1.300941382449382E-01
 1.366246034319055E-01
 1.428067734006803E-01
 1.486303020089825E-01
 1.540874496473515E-01
 1.591730568782820E-01
 1.638844586715493E-01
 1.682213478752385E-01
 1.721855981481222E-01
 1.757810572497729E-01
 1.790133214351464E-01
 1.818895008932953E-01
 1.844179849009605E-01
 1.866082138277360E-01
 1.884704635048566E-01
 1.900156458930352E-01
 1.912551285538860E-01
 1.922005742029018E-01
 1.928638006250703E-01
 1.932566604670067E-01
 1.933909398647713E-01
 1.932782744968576E-01
 1.929300814354089E-01
 1.923575050733499E-01
 1.915713754009356E-01
 1.905821769661679E-01
 1.894000269579426E-01
 1.880346609813995E-01
 1.864954252385677E-01
 1.847912739743370E-01
 1.829307711912435E-01
 1.809220957720867E-01
 1.787730492742367E-01
 1.764910657723178E-01
 1.740832232262987E-01
 1.715562559401067E-01
 1.689165677523863E-01
 1.661702456668102E-01
 1.633230736854727E-01
 1.603805466564050E-01
 1.573478839861861E-01
 1.542300431019911E-01
 1.510317325750886E-01
 1.477574248406329E-01
 1.444113684672771E-01
 1.409975999453349E-01
 1.375199549744668E-01
 1.339820792416678E-01
 1.303874386880803E-01
 1.267393292692207E-01
 1.230408862178494E-01
 1.192950928222549E-01
 1.155047887352795E-01
 1.116726778312280E-01
 1.078013356290099E-01
 1.038932163005584E-01
 9.995065928389570E-02
 9.597589552023861E-02
 9.197105333437872E-02
 8.793816397721373E-02
 8.387916684885338E-02
 7.979591442014922E-02
 7.569017686983763E-02
 7.156364645373059E-02
 6.741794162165211E-02
 6.325461089700521E-02
 5.907513653307461E-02
 5.488093795941003E-02
 5.067337503087506E-02
 4.645375109124331E-02
 4.222331586252865E-02
 3.798326817058906E-02
 3.373475851692834E-02
 2.947889150602546E-02
 2.521672813698164E-02
 2.094928796772367E-02
 1.667755115952446E-02
 1.240246040911015E-02
 8.124922775184966E-03
 3.845811405758615E-03
-4.340328277243890E-04
-4.713799783865771E-03
-8.992708587160584E-03
-1.327000624136621E-02
-1.754496631584538E-02
-2.181688770066086E-02
-2.608509342646501E-02
-3.034892954544363E-02
-3.460776406976210E-02
-3.886098596414240E-02
-4.310800418938927E-02
-4.734824679387870E-02
-5.158116005022419E-02
-5.580620763454248E-02
-6.002286984591754E-02
-6.423064286381194E-02
-6.842903804136059E-02
-7.261758123257206E-02
-7.679581215161346E-02
-8.096328376244377E-02
-8.511956169716856E-02
-8.926422370156600E-02
-9.339685910632255E-02
-9.751706832258357E-02
-1.016244623604999E-01
-1.057186623695164E-01
-1.097992991992172E-01
-1.138660129796080E-01
-1.179184527197850E-01
-1.219562759240111E-01
-1.259791482242865E-01
-1.299867430285860E-01
-1.339787411840028E-01
-1.379548306541003E-01
-1.419147062098326E-01
-1.458580691333836E-01
-1.497846269342976E-01
-1.536940930772453E-01
-1.575861867207772E-01
-1.614606324664504E-01
-1.653171601177598E-01
-1.691555044483608E-01
-1.729754049791224E-01
-1.767766057635942E-01
-1.805588551815031E-01
-1.843219057399227E-01
-1.880655138817679E-01
-1.917894398013105E-01
-1.954934472663832E-01
-1.991773034469888E-01
-2.028407787499820E-01
-2.064836466595694E-01
-2.101056835832965E-01
-2.137066687032421E-01
-2.172863838321367E-01
-2.208446132741179E-01
-2.243811436898853E-01
-2.278957639659885E-01
-2.313882650880649E-01
-2.348584400178426E-01
-2.383060835737637E-01
-2.417309923151190E-01
-2.451329644295858E-01
-2.485117996240624E-01
-2.518672990186550E-01
-2.551992650436432E-01
-2.585075013392173E-01
-2.617918126577836E-01
-2.650520047686459E-01
-2.682878843649064E-01
-2.714992589724591E-01
-2.746859368609786E-01
-2.778477269568216E-01
-2.809844387577731E-01
-2.840958822495707E-01
-2.871818678241471E-01
-2.902422061995273E-01
-2.932767083413120E-01
-2.962851853856799E-01
-2.992674485638191E-01
-3.022233091277028E-01
-3.051525782770976E-01
-3.080550670877003E-01
-3.109305864402837E-01
-3.137789469507468E-01
-3.165999589009752E-01
-3.193934321704363E-01
-3.221591761684643E-01
-3.248969997672057E-01
-3.276067112352217E-01
-3.302881181717432E-01
-3.329410274415585E-01
-3.355652451104918E-01
-3.381605763813857E-01
-3.407268255304727E-01
-3.432637958440105E-01
-3.457712895550503E-01
-3.482491077802407E-01
-3.506970504565914E-01
-3.531149162781457E-01
-3.555025026325303E-01
-3.578596055373663E-01
-3.601860195765203E-01
-3.624815378361892E-01
-3.647459518408000E-01
-3.669790514887054E-01
-3.691806249876508E-01
-3.713504587899721E-01
-3.734883375274710E-01
-3.755940439459003E-01
-3.776673588389716E-01
-3.797080609817965E-01
-3.817159270636627E-01
-3.836907316200688E-01
-3.856322469639600E-01
-3.875402431161292E-01
-3.894144877347845E-01
-3.912547460442879E-01
-3.930607807630783E-01
-3.948323520307790E-01
-3.965692173344578E-01
-3.982711314339793E-01
-3.999378462863610E-01
-4.015691109690194E-01
-4.031646716017992E-01
-4.047242712676800E-01
-4.062476499320849E-01
-4.077345443607190E-01
-4.091846880359035E-01
-4.105978110713549E-01
-4.119736401254107E-01
-4.133118983126035E-01
-4.146123051136390E-01
-4.158745762836769E-01
-4.170984237588894E-01
-4.182835555612431E-01
-4.194296757014260E-01
-4.205364840798347E-01
-4.216036763855053E-01
-4.226309439928612E-01
-4.236179738561494E-01
-4.245644484014329E-01
-4.254700454160418E-01
-4.263344379354269E-01
-4.271572941273491E-01
-4.279382771734065E-01
-4.286770451478597E-01
-4.293732508937095E-01
-4.300265418959771E-01
-4.306365601520507E-01
-4.312029420390116E-01
-4.317253181777599E-01
-4.322033132938035E-01
-4.326365460745518E-01
-4.330246290229854E-01
-4.333671683075606E-01
-4.336637636082589E-01
-4.339140079586607E-01
-4.341174875839605E-01
-4.342737817348259E-01
-4.343824625170023E-01
-4.344430947165711E-01
-4.344552356207417E-01
-4.344184348340752E-01
-4.343322340899995E-01
-4.341961670574662E-01
-4.340097591425798E-01
-4.337725272850056E-01
-4.334839797489481E-01
-4.331436159085008E-01
-4.327509260271921E-01
-4.323053910315878E-01
-4.318064822788485E-01
-4.312536613181660E-01
-4.306463796460061E-01
-4.299840784550565E-01
-4.292661883767804E-01
-4.284921292174267E-01
-4.276613096873464E-01
-4.267731271234549E-01
-4.258269672046786E-01
-4.248222036602458E-01
-4.237581979706951E-01
-4.226342990615083E-01
-4.214498429893003E-01
-4.202041526205314E-01
-4.188965373027387E-01
-4.175262925283127E-01
-4.160926995908756E-01
-4.145950252343554E-01
-4.130325212948722E-01
-4.114044243356046E-01
-4.097099552748311E-01
-4.079483190073779E-01
-4.061187040197711E-01
-4.042202819994007E-01
-4.022522074381066E-01
-4.002136172306645E-01
-3.981036302687820E-01
-3.959213470313712E-01
-3.936658491720453E-01
-3.913361991049668E-01
-3.889314395903491E-01
-3.864505933210895E-01
-3.838926625122013E-01
-3.812566284949211E-01
-3.785414513176292E-01
-3.757460693560327E-01
-3.728693989353851E-01
-3.699103339679476E-01
-3.668677456093399E-01
-3.637404819379518E-01
-3.605273676621773E-01
-3.572272038608840E-01
-3.538387677632792E-01
-3.503608125751589E-01
-3.467920673594592E-01
-3.431312369800753E-01
-3.393770021190914E-01
-3.355280193788807E-01
-3.315829214820283E-01
-3.275403175836936E-01
-3.233987937129111E-01
-3.191569133614455E-01
-3.148132182411988E-01
-3.103662292338825E-01
-3.058144475597073E-01
-3.011563561953427E-01
-2.963904215752763E-01
-2.915150956150900E-01
-2.865288181000392E-01
-2.814300194877509E-01
-2.762171241799208E-01
-2.708885543246660E-01
-2.654427342187682E-01
-2.598780953874826E-01
-2.541930824289626E-01
-2.483861597207689E-01
-2.424558190973238E-01
-2.364005886197793E-01
-2.302190425734618E-01
-2.239098128428771E-01
-2.174716018303259E-01
-2.109031971011388E-01
-2.042034879564764E-01
-1.973714841532383E-01
-1.904063370093187E-01
-1.833073631508750E-01
-1.760740711755403E-01
-1.687061915205729E-01
-1.612037098364060E-01
-1.535669041721306E-01
-1.457963862777566E-01
-1.378931473157546E-01
-1.298586082477291E-01
-1.216946751167204E-01
-1.134037993762762E-01
-1.049890433179632E-01
-9.645415051244430E-02
-8.780362099809053E-02
-7.904279071757041E-02
-7.017791440952917E-02
-6.121625080317995E-02
-5.216614853472382E-02
-4.303713070661878E-02
-3.383997545079304E-02
-2.458678925089277E-02
-1.529106915407442E-02
-5.967749401351268E-03
 3.366772515441313E-03
 1.269463572886083E-02
 2.199654728764826E-02
 3.125185013883932E-02
 4.043863243434305E-02
 4.953388165188320E-02
 5.851368533056425E-02
 6.735347800012419E-02
 7.602833121530693E-02
 8.451328065886753E-02
 9.278368129242227E-02
 1.008155788163982E-01
 1.085860835741868E-01
 1.160737318007717E-01
 1.232588189930027E-01
 1.301236912628628E-01
 1.366529827703153E-01
 1.428337905111531E-01
 1.486557815283112E-01
 1.541112316234882E-01
 1.591949984652607E-01
 1.639044352708798E-01
 1.682392537330061E-01
 1.722013464440244E-01
 1.757945797349426E-01
 1.790245676891863E-01
 1.818984372777041E-01
 1.844245932868968E-01
 1.866124901720790E-01
 1.884724163411493E-01
 1.900152947944585E-01
 1.912525026150685E-01
 1.921957105770360E-01
 1.928567431431118E-01
 1.932474583571525E-01
 1.933796465831067E-01
 1.932649466741404E-01
 1.929147779403622E-01
 1.923402861894479E-01
 1.915523021113338E-01
 1.905613103399820E-01
 1.893774276303318E-01
 1.880103887197005E-01
 1.864695385868763E-01
 1.847638299693191E-01
 1.829018251424441E-01
 1.808917011005073E-01
 1.787412574034392E-01
 1.764579260667233E-01
 1.740487829716789E-01
 1.715205603614892E-01
 1.688796600646947E-01
 1.661321671535358E-01
 1.632838638005410E-01
 1.603402431441947E-01
 1.573065230144488E-01
 1.541876594022731E-01
 1.509883595852608E-01
 1.477130948443547E-01
 1.443661127257004E-01
 1.409514488170917E-01
 1.374729380209395E-01
 1.339342253156269E-01
 1.303387760048993E-01
 1.266898854609201E-01
 1.229906883711289E-01
 1.192441675023417E-01
 1.154531619978624E-01
 1.116203752249685E-01
 1.077483821911238E-01
 1.038396365478237E-01
 9.989647720119783E-02
 9.592113454845072E-02
 9.191573635900173E-02
 8.788231331882124E-02
 8.382280425599810E-02
 7.973906106503086E-02
 7.563285334673925E-02
 7.150587278003777E-02
 6.735973724113502E-02
 6.319599468499822E-02
 5.901612680320622E-02
 5.482155247157031E-02
 5.061363100019017E-02
 4.639366519789237E-02
 4.216290426231013E-02
 3.792254650620533E-02
 3.367374192997996E-02
 2.941759464971361E-02
 2.515516518948109E-02
 2.088747264614678E-02
