 3.370073253791432E-02
 2.843623200991898E-02
 2.312561908348942E-02
 1.780009664363000E-02
 1.251915837338606E-02
 7.275768130868617E-03
 2.011020668485924E-03
-3.242425829819235E-03
-8.458524154049395E-03
-1.360723160417291E-02
-1.868632391646752E-02
-2.372670192995983E-02
-2.867462991195222E-02
-3.364358830411329E-02
-3.866958335458651E-02
-4.369371222713267E-02
-4.857846144352846E-02
-5.338723155602750E-02
-5.818183101243527E-02
-6.298259277885911E-02
-6.769828866679255E-02
-7.240094515844177E-02
-7.705476351602858E-02
-8.162918098698348E-02
-8.599448149009549E-02
-9.027868824239443E-02
-9.454003912153644E-02
-9.878586626730006E-02
-1.029386491514759E-01
-1.070594380254622E-01
-1.111676888250633E-01
-1.152698352609576E-01
-1.193090167569619E-01
-1.232412301198055E-01
-1.270698644888603E-01
-1.307937348025986E-01
-1.344375722783661E-01
-1.380253428318617E-01
-1.416226615291249E-01
-1.452178117386281E-01
-1.487817888631092E-01
-1.522689351119647E-01
-1.557812477341726E-01
-1.592963987406452E-01
-1.627465397974162E-01
-1.660649611113669E-01
-1.692846174060132E-01
-1.724123489781577E-01
-1.754980561384265E-01
-1.785215314938196E-01
-1.816263720061711E-01
-1.847670684368364E-01
-1.878492486881574E-01
-1.907990648217720E-01
-1.937168076106808E-01
-1.966106043492839E-01
-1.994630918004164E-01
-2.022035355459053E-01
-2.049081605340445E-01
-2.075644089086832E-01
-2.101856212916236E-01
-2.126798174748776E-01
-2.151685857315842E-01
-2.176448940782718E-01
-2.200891212420059E-01
-2.224840310696351E-01
-2.249087318339446E-01
-2.273435176444950E-01
-2.297734128237727E-01
-2.320929876983924E-01
-2.343332765078290E-01
-2.364935496408715E-01
-2.386138301490844E-01
-2.407092645605793E-01
-2.428332792912274E-01
-2.449703218707841E-01
-2.470895981218562E-01
-2.491928826997257E-01
-2.512790273839801E-01
-2.533307213297343E-01
-2.553317497449064E-01
-2.572582532000134E-01
-2.591076011010179E-01
-2.608943490151852E-01
-2.626494524170874E-01
-2.644345224779538E-01
-2.662157250484548E-01
-2.680296724513809E-01
-2.698066823647846E-01
-2.715571868615785E-01
-2.732870944390078E-01
-2.750030528169884E-01
-2.766895372965999E-01
-2.783485548694528E-01
-2.799329101789027E-01
-2.815312785955452E-01
-2.831216706879647E-01
-2.847236230818495E-01
-2.863199042377452E-01
-2.879257392568417E-01
-2.895108065010884E-01
-2.911292358975276E-01
-2.927532101645228E-01
-2.944434147441710E-01
-2.961370033745472E-01
-2.977864817556865E-01
-2.993035397636646E-01
-3.007608183711436E-01
-3.021874976175652E-01
-3.036498966029590E-01
-3.051271736672372E-01
-3.066717930282700E-01
-3.082317884082064E-01
-3.098036227462875E-01
-3.112930860430891E-01
-3.127611103620768E-01
-3.141842225895414E-01
-3.155806689406479E-01
-3.169116789146161E-01
-3.182671729385329E-01
-3.196183156915397E-01
-3.210373449431861E-01
-3.224002617199763E-01
-3.237595627668579E-01
-3.251022544919219E-01
-3.264757962938453E-01
-3.278555696595519E-01
-3.292615608772917E-01
-3.306588068565952E-01
-3.320560875715571E-01
-3.333376021255628E-01
-3.345794797375222E-01
-3.358085247731585E-01
-3.370797356904328E-01
-3.383782944051412E-01
-3.397056639462508E-01
-3.410520621098446E-01
-3.424423449739452E-01
-3.437891466414765E-01
-3.451098814956149E-01
-3.463840139216589E-01
-3.476098174514686E-01
-3.487829450533397E-01
-3.499371217094014E-01
-3.510976503243614E-01
-3.523074967427756E-01
-3.535518238911403E-01
-3.547913604316404E-01
-3.560293736109769E-01
-3.572867497073602E-01
-3.585506273411915E-01
-3.598106294494848E-01
-3.610378778439827E-01
-3.622558566318304E-01
-3.634530789200651E-01
-3.646149750773591E-01
-3.658056414369506E-01
-3.670294317133722E-01
-3.682879717848794E-01
-3.695466577816713E-01
-3.708213428896625E-01
-3.721146386527017E-01
-3.734407752736449E-01
-3.747424258020626E-01
-3.760612147778828E-01
-3.773358065393344E-01
-3.785784746045736E-01
-3.797689315091646E-01
-3.809596603065072E-01
-3.821656177309326E-01
-3.834112734140205E-01
-3.846490111793799E-01
-3.859529220021340E-01
-3.872773414550384E-01
-3.886159473077778E-01
-3.898731521594174E-01
-3.910861345333143E-01
-3.922480992993366E-01
-3.933965964104498E-01
-3.945173049485242E-01
-3.956941934058991E-01
-3.969176997855167E-01
-3.981906278958062E-01
-3.994067196603477E-01
-4.006268334404180E-01
-4.018603269458461E-01
-4.031077955532533E-01
-4.043183977207880E-01
-4.055190940497939E-01
-4.066825502180795E-01
-4.078511303307757E-01
-4.089504938063186E-01
-4.100478686359772E-01
-4.111566516390573E-01
-4.122833495656093E-01
-4.134086445287763E-01
-4.145441785774500E-01
-4.156802168169462E-01
-4.168148069123232E-01
-4.179004283705630E-01
-4.189204053176348E-01
-4.198759515314315E-01
-4.207963083539138E-01
-4.216852995201432E-01
-4.225631624010581E-01
-4.234406560684761E-01
-4.243131734275596E-01
-4.251995764667132E-01
-4.260727621199317E-01
-4.269738448439930E-01
-4.278271165495884E-01
-4.286385916739809E-01
-4.293649460451122E-01
-4.300222706452922E-01
-4.306214093308870E-01
-4.312146440845189E-01
-4.317871482628344E-01
-4.323701370856306E-01
-4.329207814862132E-01
-4.335068398769618E-01
-4.340353979305939E-01
-4.345216416456823E-01
-4.349461646910782E-01
-4.353129014224047E-01
-4.355785604546236E-01
-4.357616261371778E-01
-4.358695512956945E-01
-4.359577502040440E-01
-4.359835605241670E-01
-4.359402832736242E-01
-4.358586745154173E-01
-4.357443454034060E-01
-4.355930634450561E-01
-4.353781304355240E-01
-4.350769417009167E-01
-4.346677125422860E-01
-4.341648669370286E-01
-4.335418931704733E-01
-4.328568494814954E-01
-4.320982976926956E-01
-4.313123337500145E-01
-4.304479251655468E-01
-4.295086473134516E-01
-4.285298912806443E-01
-4.275331766378265E-01
-4.264610251450632E-01
-4.252792301418342E-01
-4.239804457387563E-01
-4.226257368688198E-01
-4.211557311792231E-01
-4.195866514332991E-01
-4.179926187125570E-01
-4.163908020602409E-01
-4.147114218798322E-01
-4.129738458416030E-01
-4.112288222573436E-01
-4.094975225755164E-01
-4.077498091885852E-01
-4.059324184704379E-01
-4.041098955260418E-01
-4.022607345490805E-01
-4.004147404028169E-01
-3.986213822696945E-01
-3.969211579584065E-01
-3.953228147413310E-01
-3.938269055468584E-01
-3.924494997158900E-01
-3.912859947638879E-01
-3.903359833149873E-01
-3.896024832693374E-01
-3.890508317451665E-01
-3.886403679914931E-01
-3.883726385824334E-01
-3.883255168986167E-01
-3.884733247350040E-01
-3.888844601908652E-01
-3.895161241748030E-01
-3.903383129106311E-01
-3.913706596701452E-01
-3.926301519978782E-01
-3.940735910864547E-01
-3.956848015988731E-01
-3.973519181348351E-01
-3.991193481619947E-01
-4.009300259292456E-01
-4.027799430439410E-01
-4.046799723787527E-01
-4.066305818434273E-01
-4.086084442062199E-01
-4.105587917776705E-01
-4.124913541347047E-01
-4.144590500245611E-01
-4.164325429744807E-01
-4.183296890970146E-01
-4.201120250144192E-01
-4.217867428804431E-01
-4.234197762002506E-01
-4.249461396288888E-01
-4.264038566690199E-01
-4.278144072005030E-01
-4.291778806590774E-01
